0.00097545,0.00094216,0.00090554,0.00086226,0.00081565,0.00076904,0.00071911,0.00066584,0.00061257,0.0005593,0.00050937,0.00045943,0.00040949,0.00036288,0.0003196,0.00028298,0.00024636,0.0002164,0.00018976,0.00016979,0.00015314,0.00013983,0.00013317,0.00012984,0.00012984,0.00013317,0.00013983,0.00014981,0.00016313,0.00017978,0.00019642,0.0002164,0.0002397,0.00026634,0.0002963,0.00032959,0.00036621,0.00040949,0.00046276,0.00051935,0.00058927,0.00066584,0.0007524,0.00084894,0.00095881,0.0010787,0.0012118,0.001355,0.0015115,0.0016746,0.0018544,0.0020408,0.0022339,0.002437,0.0026467,0.0028631,0.0030828,0.0033026,0.0035223,0.003742,0.0039584,0.0041715,0.0043746,0.004571,0.0047541,0.0049272,0.0050837,0.0052268,0.00535,0.0054565,0.0055464,0.0056163,0.0056696,0.0057029,0.0057195,0.0057162,0.0056962,0.0056563,0.005603,0.0055364,0.0054532,0.0053533,0.0052435,0.0051236,0.0049905,0.0048506,0.0046975,0.0045377,0.0043712,0.0042014,0.004025,0.0038452,0.0036621,0.003479,0.0032959,0.0031128,0.0029264,0.0027399,0.0025568,0.0023671,0.0021806,0.0019909,0.0017978,0.0016047,0.0014049,0.0012052,0.0010054,0.00079901,0.00058594,0.00037287,0.00015647,-6.3255e-005,-0.00028631,-0.00050937,-0.00073242,-0.00095215,-0.0011719,-0.0013849,-0.0015914,-0.0017911,-0.0019842,-0.002164,-0.0023371,-0.0024969,-0.0026434,-0.0027765,-0.0028997,-0.0030063,-0.0030995,-0.0031794,-0.003246,-0.0032992,-0.0033392,-0.0033658,-0.0033791,-0.0033791,-0.0033725,-0.0033525,-0.0033225,-0.0032859,-0.0032393,-0.003186,-0.0031261,-0.0030562,-0.002983,-0.0029031,-0.0028232,-0.0027366,-0.00265,-0.0025601,-0.0024736,-0.0023837,-0.0022938,-0.0022006,-0.0021107,-0.0020175,-0.0019243,-0.0018311,-0.0017378,-0.0016446,-0.0015481,-0.0014549,-0.0013616,-0.0012684,-0.0011752,-0.001082,-0.00098877,-0.00089888,-0.00080899,-0.00071911,-0.00063255,-0.00054599,-0.00046276,-0.00038286,-0.00030961,-0.00023637,-0.00016646,-9.9876e-005,-3.6621e-005,2.3304e-005,8.323e-005,0.00013983,0.00018976,0.0002397,0.00028631,0.00033292,0.00037287,0.00040949,0.00044611,0.0004794,0.0005127,0.00054266,0.00057262,0.00060591,0.00063588,0.00066917,0.00070579,0.00074241,0.00078236,0.00082564,0.00087225,0.00092219,0.00097878,0.0010354,0.0010953,0.0011619,0.0012318,0.001305,0.0013816,0.0014648,0.0015547,0.0016479,0.0017445,0.0018477,0.0019542,0.0020674,0.0021806,0.0022971,0.0024137,0.0025302,0.0026434,0.0027566,0.0028631,0.002963,0.0030595,0.0031494,0.0032326,0.0033059,0.0033725,0.0034257,0.0034723,0.0035023,0.0035223,0.0035289,0.0035223,0.003499,0.0034657,0.0034157,0.0033525,0.0032759,0.0031827,0.0030762,0.002953,0.0028165,0.0026634,0.0024969,0.0023171,0.002124,0.0019143,0.0016912,0.0014582,0.0012118,0.00095548,0.00068581,0.00040949,0.00012318,-0.00016646,-0.00046609,-0.00076571,-0.001072,-0.0013816,-0.0016946,-0.0020042,-0.0023138,-0.0026234,-0.0029264,-0.003226,-0.0035223,-0.0038053,-0.0040816,-0.0043446,-0.0045943,-0.0048273,-0.0050404,-0.0052335,-0.0053999,-0.0055398,-0.0056496,-0.0057262,-0.0057695,-0.0057795,-0.0057528,-0.0056929,-0.005593,-0.0054599,-0.0052967,-0.005097,-0.0048673,-0.0046109,-0.0043313,-0.0040283,-0.0037087,-0.0033758,-0.0030296,-0.0026767,-0.0023171,-0.0019576,-0.001598,-0.0012451,-0.00089888,-0.0005593,-0.00023304,7.6571e-005,0.00036954,0.00064586,0.00090221,0.0011353,0.001345,0.0015348,0.0017012,0.0018477,0.0019709,0.0020774,0.002164,0.0022306,0.0022838,0.0023238,0.0023537,0.0023737,0.0023837,0.0023904,0.002397,0.0024037,0.0024103,0.0024237,0.0024436,0.0024669,0.0025036,0.0025502,0.0026068,0.00268,0.0027632,0.0028631,0.0029796,0.0031061,0.0032493,0.0034058,0.0035789,0.0037587,0.0039551,0.0041582,0.0043712,0.0045943,0.004824,0.005057,0.0052967,0.0055364,0.0057761,0.0060158,0.0062489,0.0064786,0.0066983,0.0069114,0.0071111,0.0073009,0.007474,0.0076338,0.0077737,0.0078968,0.008,0.0080799,0.0081365,0.0081698,0.0081765,0.0081565,0.0081099,0.0080367,0.0079368,0.0078136,0.0076605,0.0074807,0.0072776,0.0070479,0.0067915,0.0065119,0.0062089,0.0058827,0.0055364,0.0051669,0.0047807,0.0043746,0.0039517,0.0035123,0.0030629,0.0026034,0.002134,0.0016579,0.0011785,0.00069913,0.0002164,-0.00025968,-0.00073575,-0.0012018,-0.0016613,-0.0021107,-0.0025502,-0.0029763,-0.0033924,-0.0037919,-0.0041748,-0.0045443,-0.0048939,-0.0052268,-0.0055398,-0.0058327,-0.0061091,-0.0063588,-0.0065885,-0.0067949,-0.006978,-0.0071378,-0.007271,-0.0073775,-0.0074574,-0.0075073,-0.0075306,-0.007524,-0.007494,-0.0074308,-0.0073475,-0.0072343,-0.0071012,-0.0069447,-0.0067682,-0.0065718,-0.0063621,-0.006139,-0.0058993,-0.005653,-0.0053966,-0.0051369,-0.0048706,-0.0046009,-0.0043313,-0.0040649,-0.0037986,-0.0035356,-0.0032793,-0.0030296,-0.0027899,-0.0025601,-0.0023371,-0.0021307,-0.0019343,-0.0017478,-0.001578,-0.0014149,-0.0012684,-0.0011286,-0.00099876,-0.00087558,-0.00075906,-0.00064586,-0.000536,-0.00042614,-0.00031627,-0.00020308,-8.323e-005,4.6609e-005,0.00018311,0.00033292,0.00049605,0.00067583,0.00087225,0.0010853,0.0013184,0.0015714,0.001841,0.002134,0.0024403,0.0027699,0.0031128,0.0034723,0.0038419,0.0042247,0.0046143,0.0050104,0.0054099,0.0058094,0.0062023,0.0065918,0.006968,0.0073342,0.0076804,0.0080067,0.008313,0.008596,0.008849,0.009072,0.0092685,0.0094349,0.0095714,0.0096746,0.0097512,0.0098011,0.0098211,0.0098145,0.0097878,0.0097379,0.009668,0.0095781,0.0094715,0.0093517,0.0092219,0.0090754,0.0089222,0.0087591,0.008586,0.0084095,0.0082264,0.0080367,0.0078436,0.0076505,0.0074507,0.007251,0.0070512,0.0068548,0.0066551,0.0064586,0.0062589,0.0060625,0.005866,0.0056696,0.0054699,0.0052701,0.005067,0.0048606,0.0046475,0.0044312,0.0042081,0.0039784,0.003742,0.0034956,0.003246,0.0029896,0.0027266,0.0024569,0.0021773,0.0018976,0.001608,0.0013184,0.0010221,0.00072576,0.00042947,0.00013317,-0.00016313,-0.00045277,-0.00073908,-0.0010187,-0.0012917,-0.0015547,-0.0018078,-0.0020508,-0.0022838,-0.0025036,-0.0027133,-0.002913,-0.0030995,-0.0032759,-0.0034424,-0.0035955,-0.003742,-0.0038785,-0.004005,-0.0041249,-0.0042314,-0.0043346,-0.0044278,-0.0045111,-0.0045876,-0.0046575,-0.0047241,-0.0047807,-0.0048307,-0.0048773,-0.0049172,-0.0049505,-0.0049805,-0.0050004,-0.0050171,-0.0050271,-0.0050304,-0.0050271,-0.0050171,-0.0049971,-0.0049705,-0.0049372,-0.0048972,-0.0048473,-0.004794,-0.0047308,-0.0046609,-0.0045843,-0.0045011,-0.0044112,-0.0043146,-0.0042081,-0.0040949,-0.0039717,-0.0038419,-0.0037021,-0.0035556,-0.0033991,-0.0032326,-0.0030562,-0.0028698,-0.0026767,-0.0024736,-0.0022638,-0.0020475,-0.0018211,-0.001588,-0.001345,-0.001102,-0.00084894,-0.00059592,-0.00033958,-7.9901e-005,0.00017645,0.00043279,0.00068581,0.0009355,0.0011752,0.0014116,0.001638,0.0018577,0.0020641,0.0022605,0.0024436,0.0026134,0.0027699,0.002913,0.0030429,0.0031594,0.0032626,0.0033492,0.0034224,0.0034857,0.0035356,0.0035722,0.0035955,0.0036122,0.0036188,0.0036155,0.0036055,0.0035855,0.0035589,0.0035256,0.0034823,0.0034357,0.0033858,0.0033292,0.0032726,0.0032093,0.0031494,0.0030828,0.0030196,0.0029563,0.0028931,0.0028331,0.0027699,0.0027066,0.0026467,0.0025835,0.0025202,0.0024569,0.0023904,0.0023204,0.0022505,0.0021706,0.0020907,0.0020008,0.0019043,0.0018011,0.0016879,0.0015647,0.0014316,0.0012917,0.0011386,0.00097878,0.00080899,0.00062922,0.00043945,0.00024636,4.3279e-005,-0.00016313,-0.0003762,-0.00058927,-0.00080233,-0.0010154,-0.0012218,-0.0014216,-0.0016113,-0.0017878,-0.0019509,-0.0020974,-0.0022306,-0.0023404,-0.002437,-0.0025102,-0.0025635,-0.0026001,-0.0026167,-0.0026167,-0.0026001,-0.0025668,-0.0025202,-0.0024636,-0.002397,-0.0023204,-0.0022405,-0.002154,-0.0020674,-0.0019809,-0.0018943,-0.0018111,-0.0017278,-0.0016513,-0.001578,-0.0015115,-0.0014482,-0.0013916,-0.0013383,-0.0012917,-0.0012484,-0.0012052,-0.0011685,-0.0011319,-0.0010953,-0.001062,-0.0010254,-0.0009921,-0.00095548,-0.00091886,-0.00087891,-0.00083896,-0.00079901,-0.00075573,-0.00070912,-0.00065918,-0.00060924,-0.00055597,-0.00049938,-0.00043945,-0.00038286,-0.0003196,-0.00025968,-0.00019642,-0.0001365,-7.3242e-005,-1.3317e-005,4.9938e-005,0.00011319,0.00017312,0.00023637,0.00029963,0.00036288,0.00042614,0.00048939,0.00054932,0.00061257,0.0006725,0.00073242,0.00078902,0.00084229,0.00089222,0.00093883,0.00098211,0.0010221,0.0010554,0.0010853,0.0011086,0.0011253,0.0011386,0.0011419,0.0011386,0.0011253,0.0011086,0.001082,0.0010487,0.0010121,0.00096547,0.0009122,0.00085227,0.00078569,0.00071578,0.0006392,0.0005593,0.00046942,0.0003762,0.00027965,0.00017312,6.3255e-005,-5.3267e-005,-0.00017312,-0.00029963,-0.00042947,-0.00056263,-0.0006958,-0.0008323,-0.00096547,-0.0010986,-0.0012285,-0.001355,-0.0014715,-0.0015847,-0.0016846,-0.0017745,-0.001851,-0.0019176,-0.0019642,-0.0019975,-0.0020142,-0.0020175,-0.0020008,-0.0019709,-0.0019243,-0.001861,-0.0017811,-0.0016879,-0.0015814,-0.0014615,-0.0013317,-0.0011918,-0.0010454,-0.00089222,-0.00073575,-0.00057262,-0.00041282,-0.00025302,-9.3217e-005,6.3255e-005,0.0002164,0.00036621,0.00050604,0.00064253,0.00077237,0.00089222,0.0010054,0.0011086,0.0012018,0.0012884,0.0013683,0.0014349,0.0014948,0.0015481,0.0015914,0.001628,0.0016546,0.0016746,0.0016879,0.0016979,0.0017045,0.0017079,0.0017145,0.0017212,0.0017312,0.0017512,0.0017811,0.0018211,0.0018777,0.0019476,0.0020408,0.0021507,0.0022838,0.0024403,0.0026267,0.0028431,0.0030895,0.0033725,0.0036887,0.004045,0.0044378,0.0048706,0.0053467,0.0058627,0.006422,0.0070246,0.0076738,0.0083663,0.009102,0.009881,0.0107,0.011562,0.012458,0.013393,0.014355,0.015351,0.01637,0.017412,0.018467,0.019536,0.020608,0.021683,0.022752,0.02381,0.024856,0.025878,0.026873,0.027835,0.028764,0.02965,0.030489,0.031281,0.032017,0.032696,0.033315,0.033871,0.034367,0.034797,0.035163,0.035463,0.035702,0.035879,0.035995,0.036055,0.036058,0.036012,0.035915,0.035775,0.035589,0.035369,0.03511,0.03482,0.0345,0.034154,0.033785,0.033392,0.032982,0.032553,0.03211,0.031654,0.031185,0.030705,0.030219,0.029723,0.02922,0.028718,0.028208,0.027696,0.02718,0.026663,0.026144,0.025625,0.025102,0.024579,0.024057,0.023531,0.023008,0.022485,0.021966,0.02145,0.020934,0.020425,0.019919,0.019416,0.018913,0.018417,0.017924,0.017435,0.016949,0.01647,0.015993,0.015524,0.015058,0.014598,0.014142,0.013693,0.013247,0.012807,0.012375,0.011948,0.011529,0.011116,0.010707,0.010304,0.0099077,0.0095182,0.0091353,0.0087558,0.0083829,0.0080167,0.0076605,0.0073109,0.006968,0.0066351,0.0063121,0.0059959,0.0056896,0.0053966,0.0051103,0.004834,0.0045643,0.0043046,0.004055,0.0038153,0.0035789,0.0033525,0.0031361,0.0029264,0.0027233,0.0025335,0.0023504,0.0021773,0.0020142,0.0018677,0.0017312,0.0016113,0.0015115,0.0014249,0.001355,0.0013017,0.0012618,0.0012418,0.0012318,0.0012385,0.0012551,0.0012817,0.0013184,0.0013583,0.0014049,0.0014549,0.0015048,0.0015547,0.0016013,0.0016446,0.0016846,0.0017179,0.0017445,0.0017645,0.0017745,0.0017745,0.0017678,0.0017512,0.0017278,0.0016912,0.0016513,0.001598,0.0015381,0.0014715,0.0013949,0.001315,0.0012251,0.0011319,0.0010354,0.00093217,0.00082897,0.00072243,0.0006159,0.0005127,0.00040949,0.00030961,0.00021307,0.00012318,3.995e-005,-3.6621e-005,-0.00010653,-0.00016646,-0.00021307,-0.00024636,-0.00026634,-0.00026634,-0.00024969,-0.00021307,-0.00015314,-6.9913e-005,3.995e-005,0.00017645,0.00034291,0.00053933,0.00077237,0.0010354,0.0013383,0.0016746,0.0020508,0.0024603,0.0029097,0.0033958,0.0039151,0.0044711,0.005057,0.0056729,0.0063188,0.0069913,0.0076871,0.0084062,0.0091386,0.009891,0.010653,0.011426,0.012201,0.012981,0.01376,0.014535,0.015308,0.01607,0.016819,0.017558,0.018284,0.018993,0.019685,0.020358,0.021011,0.021643,0.022256,0.022842,0.023401,0.023937,0.024446,0.024932,0.025388,0.025818,0.026224,0.026604,0.026956,0.027286,0.027596,0.027879,0.028142,0.028385,0.028604,0.028804,0.028984,0.029144,0.029287,0.029407,0.02951,0.029596,0.029663,0.02971,0.02974,0.02975,0.029743,0.029713,0.02967,0.029603,0.02952,0.029417,0.029294,0.029154,0.028994,0.028814,0.028614,0.028395,0.028158,0.027899,0.027626,0.027333,0.027023,0.026697,0.026354,0.025998,0.025628,0.025245,0.024846,0.024433,0.02401,0.023571,0.023118,0.022655,0.022179,0.021693,0.021197,0.020688,0.020172,0.019646,0.01911,0.018564,0.018011,0.017452,0.016886,0.01631,0.01573,0.015144,0.014555,0.013959,0.01336,0.012761,0.012158,0.011556,0.010953,0.01035,0.0097512,0.0091486,0.0085527,0.0079568,0.0073675,0.0067816,0.006199,0.005623,0.0050537,0.0044911,0.0039351,0.0033891,0.0028564,0.0023338,0.0018244,0.0013283,0.00084894,0.00038619,-5.9925e-005,-0.00048939,-0.00089555,-0.0012851,-0.0016513,-0.0019975,-0.0023204,-0.0026234,-0.0028997,-0.0031561,-0.0033924,-0.0036022,-0.0037919,-0.0039617,-0.0041115,-0.0042414,-0.0043513,-0.0044445,-0.0045244,-0.004591,-0.0046442,-0.0046875,-0.0047208,-0.0047474,-0.0047674,-0.0047874,-0.0048007,-0.0048173,-0.0048307,-0.0048473,-0.0048673,-0.0048906,-0.0049172,-0.0049505,-0.0049905,-0.0050337,-0.0050837,-0.0051403,-0.0052002,-0.0052668,-0.0053367,-0.0054099,-0.0054865,-0.0055664,-0.005643,-0.0057229,-0.0058028,-0.005876,-0.0059493,-0.0060192,-0.0060858,-0.0061457,-0.006199,-0.0062456,-0.0062822,-0.0063121,-0.0063288,-0.0063354,-0.0063288,-0.0063055,-0.0062689,-0.0062123,-0.0061357,-0.0060392,-0.0059193,-0.0057728,-0.0055997,-0.0053966,-0.0051669,-0.0049006,-0.0046043,-0.0042714,-0.0039018,-0.0034923,-0.0030495,-0.0025668,-0.0020441,-0.0014815,-0.00088224,-0.00024303,0.00043279,0.0011452,0.001891,0.0026733,0.0034857,0.0043279,0.0052002,0.0060991,0.0070246,0.0079734,0.0089422,0.009931,0.01094,0.011962,0.013,0.014046,0.015105,0.016167,0.017235,0.018301,0.019363,0.020418,0.02146,0.022489,0.023494,0.024473,0.025422,0.026334,0.027209,0.028038,0.028824,0.029553,0.030229,0.030848,0.031404,0.0319,0.032336,0.032706,0.033016,0.033262,0.033448,0.033572,0.033638,0.033648,0.033605,0.033508,0.033365,0.033179,0.032949,0.032683,0.03238,0.032047,0.031687,0.031304,0.030898,0.030475,0.030036,0.029583,0.029117,0.028641,0.028158,0.027666,0.027166,0.026663,0.026157,0.025648,0.025135,0.024623,0.02411,0.023597,0.023085,0.022569,0.022056,0.021543,0.021034,0.020521,0.020015,0.019509,0.019003,0.018504,0.018008,0.017515,0.017022,0.016536,0.01605,0.015571,0.015091,0.014615,0.014146,0.013676,0.013217,0.012757,0.012308,0.011862,0.011422,0.01099,0.01056,0.010141,0.0097212,0.0093084,0.0088989,0.0084961,0.0080933,0.0076938,0.0072976,0.0069047,0.0065119,0.0061224,0.0057329,0.0053433,0.0049538,0.0045643,0.0041715,0.0037786,0.0033858,0.0029896,0.0025934,0.0021939,0.0017978,0.0014016,0.0010054,0.00060924,0.00021973,-0.00016646,-0.00054932,-0.00092219,-0.0012851,-0.001638,-0.0019775,-0.0023038,-0.0026134,-0.0029064,-0.0031827,-0.0034424,-0.0036821,-0.0039018,-0.0041016,-0.0042847,-0.0044478,-0.004591,-0.0047175,-0.0048273,-0.0049205,-0.0050004,-0.005067,-0.0051203,-0.0051669,-0.0052002,-0.0052302,-0.0052535,-0.0052701,-0.0052834,-0.0052934,-0.0053001,-0.0053067,-0.0053167,-0.0053234,-0.0053334,-0.0053467,-0.0053667,-0.00539,-0.0054166,-0.0054532,-0.0054932,-0.0055398,-0.0055897,-0.0056496,-0.0057129,-0.0057828,-0.005856,-0.0059326,-0.0060125,-0.0060924,-0.0061756,-0.0062555,-0.0063354,-0.006412,-0.0064853,-0.0065485,-0.0066051,-0.0066517,-0.0066883,-0.0067083,-0.0067116,-0.006695,-0.0066584,-0.0065951,-0.0065086,-0.0063954,-0.0062489,-0.0060758,-0.005866,-0.005623,-0.0053467,-0.0050304,-0.0046775,-0.004288,-0.0038552,-0.0033858,-0.0028764,-0.0023304,-0.0017412,-0.0011153,-0.0004561,0.00024303,0.00097212,0.0017345,0.0025269,0.0033425,0.0041848,0.0050471,0.005926,0.0068182,0.0077204,0.0086326,0.0095481,0.010464,0.011373,0.012271,0.01316,0.014029,0.014878,0.015697,0.016486,0.017239,0.017951,0.01862,0.019246,0.019822,0.020348,0.020821,0.021244,0.021613,0.021929,0.022192,0.022402,0.022562,0.022668,0.022732,0.022748,0.022722,0.022658,0.022559,0.022425,0.022262,0.022076,0.021866,0.021636,0.021393,0.021137,0.020874,0.020604,0.020331,0.020058,0.019789,0.019522,0.019263,0.01901,0.018763,0.018524,0.018297,0.018078,0.017864,0.017661,0.017468,0.017278,0.017095,0.016912,0.016733,0.016556,0.016376,0.016197,0.016013,0.015827,0.015637,0.015441,0.015244,0.015041,0.014832,0.014615,0.014392,0.014162,0.013923,0.013676,0.013423,0.013164,0.012897,0.012624,0.012341,0.012055,0.011765,0.011469,0.011166,0.010863,0.010554,0.010241,0.0099276,0.0096147,0.0092951,0.0089788,0.0086592,0.0083396,0.00802,0.0076938,0.0073708,0.0070412,0.0067083,0.0063754,0.0060358,0.0056962,0.00535,0.0050038,0.0046542,0.0043046,0.0039517,0.0035989,0.003246,0.0028931,0.0025435,0.0021973,0.0018544,0.0015148,0.0011819,0.0008556,0.00053933,0.00022971,-6.9913e-005,-0.00035622,-0.00063255,-0.00089555,-0.0011452,-0.0013783,-0.001598,-0.0018044,-0.0019942,-0.0021673,-0.0023304,-0.0024769,-0.0026101,-0.0027333,-0.0028465,-0.0029463,-0.0030396,-0.0031228,-0.0031994,-0.0032693,-0.0033325,-0.0033924,-0.0034424,-0.0034923,-0.0035389,-0.0035789,-0.0036188,-0.0036555,-0.0036921,-0.0037287,-0.0037653,-0.0038053,-0.0038452,-0.0038852,-0.0039318,-0.0039817,-0.0040316,-0.0040882,-0.0041515,-0.0042181,-0.004288,-0.0043646,-0.0044478,-0.0045377,-0.0046309,-0.0047308,-0.0048373,-0.0049472,-0.005057,-0.0051702,-0.0052834,-0.0053966,-0.0055032,-0.0056064,-0.0056996,-0.0057861,-0.0058594,-0.005916,-0.0059593,-0.0059859,-0.0059892,-0.0059692,-0.0059293,-0.0058594,-0.0057628,-0.0056363,-0.0054798,-0.0052934,-0.0050704,-0.0048173,-0.0045277,-0.0042048,-0.0038452,-0.003449,-0.0030196,-0.0025568,-0.0020574,-0.0015281,-0.00096214,-0.00036621,0.00025968,0.0009122,0.0015947,0.0023005,0.0030329,0.003782,0.004551,0.0053367,0.0061357,0.0069414,0.0077603,0.0085793,0.009405,0.010227,0.01105,0.011865,0.012678,0.01348,0.014272,0.015051,0.015814,0.016563,0.017295,0.018011,0.018703,0.019379,0.020035,0.020668,0.021284,0.021873,0.022442,0.022985,0.023504,0.024,0.024473,0.024916,0.025335,0.025725,0.026088,0.02642,0.026727,0.027,0.027239,0.027446,0.027619,0.027755,0.027855,0.027919,0.027939,0.027925,0.027869,0.027775,0.027646,0.027476,0.027273,0.027033,0.026763,0.02646,0.026127,0.025768,0.025378,0.024969,0.024533,0.02408,0.023604,0.023111,0.022605,0.022083,0.021547,0.021001,0.020445,0.019882,0.019309,0.01873,0.018144,0.017551,0.016956,0.016356,0.015757,0.015151,0.014549,0.013943,0.013337,0.012731,0.012125,0.011522,0.01092,0.010324,0.0097346,0.0091486,0.0085693,0.0079967,0.0074308,0.0068748,0.0063288,0.0057928,0.0052668,0.0047474,0.0042414,0.0037453,0.0032593,0.0027832,0.0023204,0.0018677,0.0014249,0.00099876,0.00057928,0.00017645,-0.0002164,-0.00059592,-0.00096214,-0.0013184,-0.0016646,-0.0019975,-0.0023238,-0.0026367,-0.0029397,-0.0032326,-0.0035156,-0.0037886,-0.0040516,-0.0043046,-0.0045443,-0.0047741,-0.0049905,-0.0051902,-0.00538,-0.0055531,-0.0057096,-0.0058527,-0.0059759,-0.0060858,-0.0061823,-0.0062622,-0.0063288,-0.0063854,-0.0064287,-0.0064653,-0.0064952,-0.0065186,-0.0065385,-0.0065552,-0.0065751,-0.0065918,-0.0066118,-0.0066351,-0.006665,-0.0066983,-0.0067383,-0.0067849,-0.0068415,-0.0069047,-0.006978,-0.0070612,-0.0071511,-0.007251,-0.0073608,-0.007474,-0.0075939,-0.0077204,-0.0078502,-0.0079834,-0.0081199,-0.0082564,-0.0083896,-0.0085227,-0.0086526,-0.0087791,-0.0088989,-0.0090121,-0.0091153,-0.0092085,-0.0092918,-0.0093617,-0.0094149,-0.0094482,-0.0094649,-0.0094616,-0.0094316,-0.0093783,-0.0092984,-0.0091886,-0.0090487,-0.0088723,-0.0086592,-0.0084095,-0.0081166,-0.0077836,-0.0074074,-0.0069846,-0.0065186,-0.0060059,-0.0054466,-0.004844,-0.0041981,-0.0035123,-0.0027832,-0.0020142,-0.0012085,-0.00036954,0.00050271,0.0014049,0.0023304,0.0032826,0.0042514,0.0052368,0.0062356,0.0072443,0.0082597,0.0092785,0.010297,0.011313,0.012318,0.01331,0.014289,0.015251,0.016183,0.017092,0.017968,0.018813,0.019616,0.020381,0.021107,0.021786,0.022419,0.023005,0.023541,0.024027,0.024463,0.024846,0.025175,0.025458,0.025685,0.025861,0.025988,0.026068,0.026094,0.026074,0.026011,0.025901,0.025751,0.025558,0.025328,0.025059,0.024756,0.02442,0.024053,0.023661,0.023244,0.022808,0.022349,0.021876,0.02139,0.020894,0.020391,0.019882,0.019373,0.018863,0.018357,0.017858,0.017362,0.016876,0.0164,0.015934,0.015477,0.015035,0.014602,0.014182,0.01377,0.01337,0.012984,0.012601,0.012231,0.011865,0.011509,0.011159,0.010817,0.01048,0.010147,0.0098211,0.0094982,0.0091786,0.0088656,0.0085527,0.0082431,0.0079368,0.0076338,0.0073309,0.0070346,0.0067416,0.006452,0.0061657,0.0058827,0.005603,0.00533,0.005057,0.0047874,0.0045244,0.0042614,0.0040017,0.003742,0.003489,0.003236,0.0029863,0.0027366,0.0024936,0.0022472,0.0020075,0.0017645,0.0015248,0.0012817,0.001042,0.00079901,0.00055597,0.00031294,6.9913e-005,-0.00017312,-0.00041615,-0.00065585,-0.00089222,-0.0011286,-0.0013616,-0.001588,-0.0018078,-0.0020241,-0.0022306,-0.0024303,-0.0026201,-0.0028032,-0.0029796,-0.0031461,-0.0033026,-0.0034557,-0.0036022,-0.0037387,-0.0038752,-0.0040017,-0.0041282,-0.004248,-0.0043679,-0.0044844,-0.0045976,-0.0047108,-0.004824,-0.0049372,-0.0050537,-0.0051736,-0.0052934,-0.0054199,-0.0055498,-0.0056829,-0.0058194,-0.0059593,-0.0061024,-0.0062456,-0.006392,-0.0065419,-0.0066883,-0.0068382,-0.0069913,-0.0071411,-0.0072909,-0.0074407,-0.0075872,-0.0077337,-0.0078769,-0.0080134,-0.0081432,-0.0082664,-0.0083796,-0.0084828,-0.0085693,-0.0086426,-0.0086992,-0.0087391,-0.0087558,-0.0087524,-0.0087258,-0.0086759,-0.0085993,-0.0084928,-0.0083629,-0.0081998,-0.0080067,-0.0077803,-0.007524,-0.007231,-0.0069047,-0.0065452,-0.0061523,-0.0057229,-0.0052601,-0.0047641,-0.0042314,-0.0036688,-0.0030728,-0.002447,-0.0017911,-0.0011053,-0.00039617,0.00033958,0.0010986,0.0018777,0.0026767,0.0034923,0.0043246,0.0051669,0.0060225,0.0068848,0.0077504,0.0086193,0.0094882,0.010354,0.011213,0.012058,0.012894,0.01371,0.014505,0.015278,0.016023,0.016742,0.017428,0.018084,0.018703,0.019289,0.019839,0.020351,0.020827,0.021264,0.021663,0.022023,0.022346,0.022632,0.022885,0.023105,0.023294,0.023457,0.023594,0.023707,0.0238,0.023877,0.02394,0.02399,0.024033,0.024067,0.024097,0.02412,0.024143,0.024163,0.024177,0.02419,0.0242,0.0242,0.024193,0.02418,0.024153,0.024113,0.02406,0.02399,0.023904,0.023794,0.023664,0.023514,0.023338,0.023135,0.022901,0.022642,0.022352,0.022033,0.021683,0.0213,0.020887,0.020441,0.019968,0.019466,0.018936,0.018384,0.017808,0.017209,0.016593,0.015957,0.015311,0.014652,0.013983,0.01331,0.012631,0.011952,0.011276,0.0106,0.009931,0.0092685,0.0086159,0.0079734,0.0073442,0.006725,0.0061224,0.0055331,0.0049572,0.0043945,0.0038485,0.0033159,0.0027998,0.0023005,0.0018111,0.0013383,0.00087891,0.00043279,3.3292e-006,-0.00041615,-0.00082564,-0.0012185,-0.001598,-0.0019676,-0.0023238,-0.00267,-0.0029996,-0.0033192,-0.0036288,-0.0039218,-0.0042048,-0.0044744,-0.0047308,-0.0049738,-0.0052035,-0.0054199,-0.005623,-0.0058128,-0.0059892,-0.0061523,-0.0063055,-0.0064453,-0.0065751,-0.006695,-0.0068115,-0.0069181,-0.0070213,-0.0071211,-0.0072243,-0.0073242,-0.0074308,-0.0075406,-0.0076605,-0.007787,-0.0079235,-0.0080733,-0.0082364,-0.0084129,-0.0086026,-0.0088024,-0.0090188,-0.0092485,-0.0094915,-0.0097445,-0.010008,-0.010277,-0.010554,-0.010837,-0.011119,-0.011402,-0.011685,-0.011962,-0.012235,-0.012498,-0.012754,-0.012997,-0.01323,-0.013447,-0.01365,-0.013833,-0.013999,-0.014146,-0.014272,-0.014372,-0.014449,-0.014499,-0.014519,-0.014509,-0.014469,-0.014395,-0.014286,-0.014139,-0.013956,-0.013733,-0.01347,-0.013167,-0.012821,-0.012431,-0.011998,-0.011526,-0.011013,-0.010457,-0.0098644,-0.0092285,-0.0085593,-0.0078536,-0.0071111,-0.0063354,-0.0055298,-0.0046942,-0.0038286,-0.0029397,-0.0020241,-0.0010953,-0.00014648,0.00081565,0.0017878,0.0027666,0.0037487,0.0047308,0.0057096,0.0066817,0.0076438,0.0085926,0.0095215,0.010434,0.011323,0.012185,0.013017,0.013819,0.014585,0.015314,0.016007,0.016656,0.017265,0.017831,0.018357,0.018837,0.019276,0.019672,0.020025,0.020338,0.020614,0.020851,0.02105,0.021214,0.021347,0.021447,0.021517,0.021563,0.021583,0.02158,0.021553,0.021507,0.02144,0.02135,0.021244,0.021114,0.020964,0.020791,0.020594,0.020375,0.020132,0.019862,0.019566,0.019243,0.018893,0.018514,0.018104,0.017668,0.017205,0.016716,0.0162,0.015664,0.015108,0.014532,0.013939,0.013333,0.012721,0.012098,0.011476,0.010856,0.010237,0.0096313,0.0090354,0.0084528,0.0078869,0.0073442,0.0068215,0.0063221,0.0058461,0.0053999,0.0049771,0.004581,0.0042114,0.0038652,0.0035456,0.003246,0.0029696,0.0027133,0.0024736,0.0022505,0.0020408,0.001841,0.0016513,0.0014682,0.0012884,0.0011119,0.00093883,0.00075906,0.00057928,0.00039284,0.00020308,6.6584e-006,-0.00019975,-0.00040949,-0.00062922,-0.0008556,-0.0010886,-0.0013317,-0.001578,-0.0018344,-0.0020941,-0.0023571,-0.0026267,-0.0028964,-0.0031661,-0.0034357,-0.0037054,-0.0039651,-0.0042214,-0.0044711,-0.0047075,-0.0049372,-0.0051536,-0.00536,-0.0055498,-0.0057262,-0.0058893,-0.0060358,-0.006169,-0.0062888,-0.006392,-0.0064853,-0.0065652,-0.0066317,-0.0066917,-0.0067449,-0.0067915,-0.0068315,-0.0068714,-0.0069114,-0.0069513,-0.006998,-0.0070512,-0.0071145,-0.0071844,-0.0072676,-0.0073642,-0.007474,-0.0075972,-0.0077337,-0.0078802,-0.0080433,-0.0082131,-0.0083962,-0.008586,-0.0087824,-0.0089822,-0.0091886,-0.009395,-0.0096014,-0.0098045,-0.010004,-0.010197,-0.010384,-0.01056,-0.010727,-0.01088,-0.011016,-0.011139,-0.011243,-0.011326,-0.011389,-0.011429,-0.011449,-0.011442,-0.011412,-0.011356,-0.011273,-0.011163,-0.011023,-0.010853,-0.01065,-0.01042,-0.010154,-0.0098511,-0.0095182,-0.0091453,-0.0087358,-0.0082864,-0.0078003,-0.0072743,-0.0067083,-0.0061024,-0.0054565,-0.0047707,-0.004045,-0.0032826,-0.0024802,-0.0016446,-0.00077237,0.00013317,0.0010653,0.0020275,0.0030129,0.0040217,0.0050471,0.0060924,0.0071478,0.0082131,0.0092851,0.01036,0.011436,0.012504,0.013566,0.014615,0.015651,0.016663,0.017651,0.01861,0.019542,0.020438,0.021297,0.022116,0.022892,0.023627,0.024316,0.024962,0.025558,0.026108,0.02661,0.027066,0.027476,0.027835,0.028152,0.028421,0.028648,0.028831,0.028971,0.02907,0.029134,0.029154,0.02914,0.029087,0.029004,0.028884,0.028734,0.028554,0.028351,0.028122,0.027872,0.027602,0.027316,0.027016,0.026707,0.026387,0.026064,0.025735,0.025405,0.025079,0.024753,0.02443,0.024113,0.0238,0.023491,0.023191,0.022892,0.022599,0.022306,0.022016,0.02172,0.021423,0.02112,0.020807,0.020488,0.020158,0.019815,0.019459,0.01909,0.0187,0.018297,0.017874,0.017432,0.016972,0.016493,0.015997,0.015484,0.014951,0.014405,0.013846,0.01327,0.012688,0.012092,0.011489,0.010883,0.010267,0.0096513,0.0090321,0.0084129,0.007797,0.0071844,0.0065751,0.0059759,0.0053866,0.004804,0.0042347,0.0036788,0.0031361,0.0026068,0.0020874,0.001588,0.0010986,0.00062589,0.00016646,-0.00027632,-0.00070912,-0.0011253,-0.0015281,-0.0019143,-0.0022872,-0.0026467,-0.0029929,-0.0033259,-0.0036421,-0.0039451,-0.0042314,-0.0045044,-0.0047641,-0.0050071,-0.0052401,-0.0054565,-0.005663,-0.005856,-0.0060425,-0.0062189,-0.0063854,-0.0065485,-0.006705,-0.0068581,-0.0070113,-0.0071611,-0.0073109,-0.0074607,-0.0076072,-0.0077603,-0.0079102,-0.00806,-0.0082131,-0.0083696,-0.0085261,-0.0086825,-0.0088423,-0.0090021,-0.0091653,-0.0093317,-0.0094982,-0.009668,-0.0098378,-0.010011,-0.010181,-0.010354,-0.010524,-0.010693,-0.01086,-0.01102,-0.011176,-0.011326,-0.011466,-0.011599,-0.011715,-0.011822,-0.011912,-0.011985,-0.012042,-0.012082,-0.012098,-0.012095,-0.012072,-0.012025,-0.011958,-0.011865,-0.011749,-0.011606,-0.011436,-0.011236,-0.01101,-0.010753,-0.010464,-0.010144,-0.0097945,-0.0094083,-0.0089888,-0.0085394,-0.0080533,-0.0075373,-0.006988,-0.006412,-0.0058028,-0.0051669,-0.0045077,-0.0038219,-0.0031095,-0.0023804,-0.001628,-0.00085893,-7.6571e-005,0.00072243,0.0015281,0.0023437,0.0031661,0.0039917,0.004814,0.0056396,0.0064553,0.0072643,0.0080666,0.0088523,0.0096214,0.010374,0.011103,0.011809,0.012488,0.013137,0.013756,0.014345,0.014898,0.015417,0.0159,0.01635,0.016759,0.017135,0.017478,0.017785,0.018061,0.018307,0.018524,0.018713,0.018877,0.019013,0.019126,0.019216,0.019283,0.019329,0.019349,0.019349,0.019326,0.019283,0.019219,0.019136,0.019033,0.018913,0.018777,0.018627,0.01846,0.018281,0.018087,0.017881,0.017661,0.017428,0.017185,0.016929,0.016659,0.016376,0.01608,0.01577,0.015444,0.015098,0.014738,0.014355,0.013953,0.01353,0.013084,0.012611,0.012118,0.011602,0.011063,0.0105,0.0099177,0.0093117,0.0086925,0.0080566,0.0074074,0.0067449,0.0060758,0.0054033,0.0047274,0.0040516,0.0033758,0.00271,0.0020508,0.0014049,0.00077237,0.00015314,-0.00044944,-0.0010354,-0.0016013,-0.0021473,-0.0026733,-0.003176,-0.0036588,-0.0041215,-0.0045577,-0.0049738,-0.0053667,-0.0057362,-0.0060858,-0.006412,-0.0067183,-0.0070013,-0.0072643,-0.0075073,-0.0077304,-0.0079335,-0.0081199,-0.0082897,-0.0084428,-0.0085827,-0.0087092,-0.0088224,-0.0089256,-0.0090154,-0.009092,-0.0091619,-0.0092152,-0.0092585,-0.0092884,-0.0093084,-0.0093151,-0.0093084,-0.0092951,-0.0092685,-0.0092318,-0.0091886,-0.0091386,-0.009082,-0.0090221,-0.0089555,-0.0088889,-0.0088224,-0.0087591,-0.0087025,-0.0086492,-0.008606,-0.008576,-0.008556,-0.008546,-0.0085527,-0.0085693,-0.0086026,-0.0086492,-0.0087092,-0.0087791,-0.0088623,-0.0089555,-0.0090587,-0.0091719,-0.0092951,-0.0094216,-0.0095581,-0.0096979,-0.0098477,-0.010001,-0.010154,-0.010314,-0.010474,-0.010633,-0.01079,-0.010943,-0.01109,-0.011229,-0.011359,-0.011476,-0.011582,-0.011669,-0.011742,-0.011795,-0.011832,-0.011845,-0.011835,-0.011802,-0.011742,-0.011655,-0.011542,-0.011399,-0.011223,-0.011013,-0.01077,-0.01049,-0.010177,-0.0098278,-0.0094416,-0.0090154,-0.0085527,-0.0080533,-0.007514,-0.006938,-0.0063221,-0.0056763,-0.0049905,-0.0042747,-0.0035256,-0.0027466,-0.0019442,-0.0011119,-0.00025968,0.00061257,0.0015048,0.0024137,0.0033325,0.0042647,0.0052035,0.0061424,0.0070845,0.00802,0.0089455,0.0098577,0.010757,0.011632,0.012484,0.013307,0.014096,0.014848,0.015561,0.01623,0.016852,0.017428,0.017954,0.01843,0.018853,0.019226,0.019549,0.019819,0.020042,0.020215,0.020345,0.020431,0.020475,0.020481,0.020451,0.020388,0.020295,0.020172,0.020025,0.019852,0.019662,0.019449,0.019219,0.018976,0.01872,0.018454,0.018174,0.017888,0.017588,0.017285,0.016972,0.016653,0.016323,0.015993,0.015654,0.015308,0.014958,0.014602,0.014239,0.013873,0.0135,0.01312,0.012741,0.012358,0.011972,0.011586,0.011206,0.010827,0.01045,0.010084,0.0097246,0.009375,0.0090354,0.0087058,0.0083896,0.0080866,0.007797,0.0075206,0.0072543,0.006998,0.0067516,0.0065119,0.0062789,0.0060491,0.0058228,0.0055964,0.00537,0.0051403,0.0049106,0.0046709,0.0044278,0.0041748,0.0039118,0.0036388,0.0033558,0.0030562,0.0027466,0.0024237,0.0020874,0.0017378,0.001375,0.0010054,0.00062256,0.00022971,-0.00016979,-0.00057595,-0.00098877,-0.0014049,-0.0018211,-0.0022405,-0.0026567,-0.0030695,-0.003479,-0.0038852,-0.0042847,-0.0046742,-0.005057,-0.0054299,-0.0057928,-0.0061424,-0.0064786,-0.0068049,-0.0071111,-0.0074074,-0.0076871,-0.0079501,-0.0081965,-0.0084262,-0.0086426,-0.0088457,-0.0090321,-0.0092052,-0.009365,-0.0095148,-0.009658,-0.0097878,-0.009911,-0.010031,-0.010144,-0.010254,-0.01036,-0.010464,-0.01057,-0.010673,-0.010777,-0.01088,-0.010986,-0.011093,-0.011199,-0.011309,-0.011419,-0.011529,-0.011639,-0.011749,-0.011855,-0.011958,-0.012062,-0.012158,-0.012251,-0.012338,-0.012415,-0.012488,-0.012548,-0.012601,-0.012641,-0.012668,-0.012684,-0.012684,-0.012674,-0.012648,-0.012604,-0.012548,-0.012478,-0.012388,-0.012285,-0.012165,-0.012028,-0.011875,-0.011702,-0.011512,-0.011306,-0.011076,-0.01083,-0.010564,-0.010274,-0.0099643,-0.0096313,-0.0092785,-0.0089056,-0.0085127,-0.0080966,-0.0076605,-0.0072077,-0.0067316,-0.0062356,-0.0057195,-0.0051869,-0.0046342,-0.0040616,-0.0034757,-0.0028731,-0.0022539,-0.001618,-0.00096879,-0.00030296,0.0003762,0.0010653,0.0017711,0.0024836,0.0032027,0.0039284,0.0046575,0.00539,0.0061157,0.0068415,0.0075573,0.0082664,0.0089622,0.0096413,0.010307,0.010953,0.011579,0.012182,0.012757,0.013313,0.013839,0.014339,0.014812,0.015258,0.01567,0.016053,0.01641,0.016733,0.017025,0.017288,0.017522,0.017725,0.017898,0.018041,0.018157,0.018247,0.018311,0.018347,0.018357,0.018344,0.018304,0.018244,0.018157,0.018051,0.017921,0.017771,0.017605,0.017418,0.017212,0.016996,0.016759,0.016513,0.01625,0.015977,0.01569,0.015394,0.015085,0.014768,0.014442,0.014109,0.01377,0.013423,0.013074,0.012718,0.012358,0.011995,0.011622,0.011246,0.01086,0.010464,0.010061,0.0096413,0.0092152,0.0087724,0.0083163,0.0078469,0.0073608,0.0068615,0.0063454,0.0058161,0.0052734,0.0047141,0.0041415,0.0035622,0.0029696,0.0023704,0.0017645,0.0011552,0.00054266,-6.9913e-005,-0.00067915,-0.0012884,-0.001891,-0.0024836,-0.0030695,-0.0036421,-0.0041981,-0.0047408,-0.0052601,-0.0057628,-0.0062389,-0.006695,-0.0071211,-0.007524,-0.0078968,-0.0082431,-0.0085593,-0.0088423,-0.0090987,-0.0093217,-0.0095148,-0.009678,-0.0098078,-0.009911,-0.0099876,-0.010034,-0.010057,-0.010054,-0.010031,-0.0099842,-0.009921,-0.0098411,-0.0097445,-0.009638,-0.0095248,-0.0094016,-0.0092751,-0.0091453,-0.0090154,-0.0088889,-0.0087658,-0.0086526,-0.008546,-0.0084528,-0.0083729,-0.0083063,-0.0082564,-0.0082198,-0.0082065,-0.0082098,-0.0082298,-0.008273,-0.008333,-0.0084162,-0.0085161,-0.0086326,-0.0087691,-0.0089222,-0.0090887,-0.0092751,-0.0094715,-0.0096813,-0.009901,-0.010131,-0.010367,-0.01061,-0.010856,-0.011103,-0.011346,-0.011589,-0.011825,-0.012052,-0.012268,-0.012471,-0.012661,-0.012831,-0.012984,-0.013117,-0.013227,-0.013313,-0.013377,-0.01342,-0.01344,-0.013433,-0.01341,-0.013363,-0.013297,-0.01321,-0.013104,-0.012984,-0.012847,-0.012694,-0.012531,-0.012358,-0.012175,-0.011988,-0.011795,-0.011602,-0.011406,-0.011213,-0.01102,-0.01083,-0.010647,-0.010467,-0.010294,-0.010134,-0.0099776,-0.0098344,-0.0097013,-0.0095781,-0.0094649,-0.0093617,-0.0092685,-0.0091886,-0.0091187,-0.0090554,-0.0090055,-0.0089655,-0.0089355,-0.0089189,-0.0089089,-0.0089122,-0.0089256,-0.0089522,-0.0089888,-0.0090354,-0.009092,-0.0091586,-0.0092352,-0.0093151,-0.009405,-0.0094948,-0.0095914,-0.0096879,-0.0097878,-0.0098844,-0.0099809,-0.010077,-0.010167,-0.010254,-0.010334,-0.010404,-0.01047,-0.010524,-0.01057,-0.010603,-0.010623,-0.010633,-0.01063,-0.010613,-0.010583,-0.01054,-0.010487,-0.01042,-0.01034,-0.010251,-0.010151,-0.010041,-0.0099243,-0.0098011,-0.0096746,-0.0095415,-0.009405,-0.0092685,-0.009132,-0.0089955,-0.008859,-0.0087258,-0.008596,-0.0084695,-0.0083429,-0.0082264,-0.0081099,-0.008,-0.0078968,-0.0078003,-0.0077104,-0.0076272,-0.0075473,-0.0074774,-0.0074108,-0.0073509,-0.0072909,-0.0072377,-0.0071844,-0.0071345,-0.0070812,-0.0070312,-0.006978,-0.0069214,-0.0068648,-0.0068049,-0.0067416,-0.006675,-0.0066051,-0.0065319,-0.0064586,-0.0063821,-0.0063022,-0.0062223,-0.0061424,-0.0060658,-0.0059892,-0.0059126,-0.0058461,-0.0057828,-0.0057295,-0.0056863,-0.0056496,-0.0056297,-0.0056197,-0.0056263,-0.0056463,-0.0056796,-0.0057329,-0.0057994,-0.0058793,-0.0059759,-0.0060858,-0.0062089,-0.0063421,-0.0064886,-0.0066384,-0.0067949,-0.006958,-0.0071211,-0.0072876,-0.0074507,-0.0076105,-0.0077603,-0.0079068,-0.00804,-0.0081632,-0.008273,-0.0083729,-0.0084561,-0.0085294,-0.0085926,-0.0086426,-0.0086859,-0.0087191,-0.0087458,-0.0087658,-0.0087824,-0.0087957,-0.008809,-0.008819,-0.0088323,-0.008849,-0.0088723,-0.0088989,-0.0089355,-0.0089788,-0.0090321,-0.0090953,-0.0091686,-0.0092485,-0.0093384,-0.0094349,-0.0095415,-0.0096513,-0.0097678,-0.009891,-0.010014,-0.010137,-0.010261,-0.010384,-0.010504,-0.01062,-0.01073,-0.010833,-0.010933,-0.011023,-0.011106,-0.011179,-0.011246,-0.011303,-0.011353,-0.011392,-0.011429,-0.011456,-0.011472,-0.011486,-0.011492,-0.011492,-0.011489,-0.011479,-0.011462,-0.011442,-0.011419,-0.011392,-0.011363,-0.011333,-0.011306,-0.011276,-0.011249,-0.011223,-0.011199,-0.011179,-0.011159,-0.011139,-0.011119,-0.0111,-0.01108,-0.011053,-0.011026,-0.010993,-0.010956,-0.01091,-0.01086,-0.0108,-0.010733,-0.010657,-0.010574,-0.010487,-0.010394,-0.010294,-0.010194,-0.010094,-0.0099942,-0.0098977,-0.0098011,-0.0097146,-0.0096347,-0.0095614,-0.0094982,-0.0094482,-0.009405,-0.009375,-0.0093584,-0.0093517,-0.009355,-0.0093683,-0.0093916,-0.0094216,-0.0094582,-0.0095015,-0.0095481,-0.0095981,-0.009648,-0.0097013,-0.0097545,-0.0098045,-0.0098544,-0.009901,-0.0099443,-0.0099809,-0.010018,-0.010047,-0.010071,-0.010091,-0.010104,-0.010107,-0.010107,-0.010101,-0.010087,-0.010067,-0.010044,-0.010011,-0.0099743,-0.0099343,-0.0098844,-0.0098344,-0.0097745,-0.0097112,-0.0096447,-0.0095714,-0.0094948,-0.0094149,-0.0093317,-0.0092452,-0.0091586,-0.0090687,-0.0089755,-0.0088856,-0.0087957,-0.0087025,-0.0086093,-0.0085161,-0.0084195,-0.0083263,-0.0082298,-0.0081299,-0.0080333,-0.0079335,-0.0078336,-0.0077304,-0.0076305,-0.0075306,-0.0074308,-0.0073309,-0.0072343,-0.0071411,-0.0070546,-0.0069713,-0.0068948,-0.0068248,-0.0067616,-0.0067116,-0.0066717,-0.0066451,-0.0066317,-0.0066351,-0.0066517,-0.006685,-0.0067383,-0.0068082,-0.0068948,-0.0070013,-0.0071211,-0.007261,-0.0074141,-0.0075806,-0.0077637,-0.0079534,-0.0081499,-0.0083563,-0.0085593,-0.0087658,-0.0089688,-0.0091619,-0.0093484,-0.0095215,-0.009678,-0.0098178,-0.0099376,-0.010031,-0.010104,-0.010151,-0.010167,-0.010157,-0.010121,-0.010054,-0.0099609,-0.0098411,-0.0096946,-0.0095248,-0.0093384,-0.0091286,-0.0089056,-0.0086692,-0.0084195,-0.0081665,-0.0079068,-0.0076471,-0.0073841,-0.0071278,-0.0068748,-0.0066284,-0.006392,-0.0061657,-0.0059493,-0.0057495,-0.0055631,-0.0053866,-0.0052302,-0.005087,-0.0049572,-0.004844,-0.0047441,-0.0046609,-0.004591,-0.0045377,-0.0044944,-0.0044678,-0.0044511,-0.0044445,-0.0044445,-0.0044545,-0.0044678,-0.0044877,-0.0045111,-0.0045344,-0.0045577,-0.0045776,-0.0045976,-0.0046176,-0.0046309,-0.0046442,-0.0046542,-0.0046575,-0.0046609,-0.0046575,-0.0046542,-0.0046442,-0.0046309,-0.0046143,-0.0045943,-0.0045743,-0.004551,-0.0045277,-0.0045044,-0.0044811,-0.0044578,-0.0044345,-0.0044145,-0.0043945,-0.0043812,-0.0043712,-0.0043646,-0.0043646,-0.0043679,-0.0043746,-0.0043912,-0.0044078,-0.0044312,-0.0044611,-0.0044944,-0.004531,-0.0045743,-0.0046209,-0.0046675,-0.0047175,-0.0047674,-0.0048173,-0.0048673,-0.0049139,-0.0049605,-0.0050004,-0.0050404,-0.005077,-0.0051103,-0.0051403,-0.0051669,-0.0051935,-0.0052168,-0.0052368,-0.0052535,-0.0052668,-0.0052768,-0.0052834,-0.0052868,-0.0052868,-0.0052834,-0.0052734,-0.0052634,-0.0052468,-0.0052302,-0.0052069,-0.0051835,-0.0051569,-0.005127,-0.005097,-0.005067,-0.0050337,-0.0050038,-0.0049738,-0.0049438,-0.0049172,-0.0048906,-0.0048673,-0.0048473,-0.0048307,-0.0048173,-0.0048107,-0.0048074,-0.0048107,-0.0048207,-0.004834,-0.004854,-0.0048806,-0.0049139,-0.0049538,-0.0050004,-0.0050504,-0.005107,-0.0051669,-0.0052302,-0.0052967,-0.0053667,-0.0054399,-0.0055165,-0.005593,-0.0056696,-0.0057429,-0.0058194,-0.005896,-0.0059692,-0.0060425,-0.0061091,-0.0061756,-0.0062389,-0.0062988,-0.0063554,-0.0064054,-0.006452,-0.0064952,-0.0065352,-0.0065685,-0.0065985,-0.0066218,-0.0066417,-0.0066551,-0.0066617,-0.006665,-0.006665,-0.0066617,-0.0066517,-0.0066384,-0.0066184,-0.0065951,-0.0065685,-0.0065319,-0.0064919,-0.0064453,-0.006392,-0.0063288,-0.0062622,-0.0061856,-0.0060991,-0.0060059,-0.005906,-0.0057928,-0.0056729,-0.0055464,-0.0054133,-0.0052701,-0.0051203,-0.0049638,-0.004804,-0.0046409,-0.0044711,-0.0043013,-0.0041282,-0.0039551,-0.003782,-0.0036122,-0.0034424,-0.0032793,-0.0031195,-0.002963,-0.0028132,-0.00267,-0.0025368,-0.0024103,-0.0022938,-0.0021906,-0.0020974,-0.0020175,-0.0019509,-0.0018976,-0.0018577,-0.0018277,-0.0018144,-0.0018111,-0.0018211,-0.001841,-0.0018743,-0.0019176,-0.0019709,-0.0020375,-0.0021107,-0.0021939,-0.0022838,-0.002387,-0.0024969,-0.0026134,-0.0027399,-0.0028731,-0.0030162,-0.0031594,-0.0033125,-0.003469,-0.0036288,-0.0037919,-0.0039584,-0.0041282,-0.0043013,-0.0044744,-0.0046475,-0.004824,-0.0050038,-0.0051802,-0.00536,-0.0055398,-0.0057195,-0.0058993,-0.0060824,-0.0062622,-0.0064453,-0.0066251,-0.0068082,-0.006988,-0.0071711,-0.0073509,-0.0075273,-0.0077037,-0.0078769,-0.0080467,-0.0082098,-0.0083696,-0.0085227,-0.0086692,-0.0088024,-0.0089289,-0.0090421,-0.009142,-0.0092285,-0.0093018,-0.0093584,-0.009405,-0.0094349,-0.0094482,-0.0094482,-0.0094349,-0.0094083,-0.0093683,-0.0093184,-0.0092585,-0.0091886,-0.0091153,-0.0090388,-0.0089589,-0.0088789,-0.0088024,-0.0087291,-0.0086659,-0.0086126,-0.0085693,-0.0085394,-0.0085261,-0.0085261,-0.0085394,-0.0085693,-0.0086159,-0.0086759,-0.0087491,-0.008839,-0.0089389,-0.0090487,-0.0091686,-0.0092918,-0.0094216,-0.0095481,-0.0096746,-0.0097978,-0.009911,-0.010018,-0.010111,-0.010187,-0.010251,-0.010294,-0.010317,-0.010317,-0.010294,-0.010251,-0.010181,-0.010087,-0.0099676,-0.0098278,-0.0096646,-0.0094815,-0.0092785,-0.0090587,-0.0088224,-0.0085727,-0.008313,-0.0080467,-0.0077737,-0.0074973,-0.0072177,-0.006938,-0.0066617,-0.0063887,-0.0061191,-0.005856,-0.005603,-0.0053567,-0.0051203,-0.0048939,-0.0046775,-0.0044711,-0.0042747,-0.0040849,-0.0039051,-0.0037354,-0.0035689,-0.0034091,-0.0032526,-0.0031028,-0.0029497,-0.0027998,-0.00265,-0.0024969,-0.0023437,-0.0021906,-0.0020341,-0.0018743,-0.0017112,-0.0015481,-0.0013849,-0.0012185,-0.001052,-0.00088556,-0.00072243,-0.0005593,-0.0003995,-0.00024303,-9.3217e-005,4.9938e-005,0.00018311,0.00030629,0.00041948,0.0005127,0.0005926,0.00065585,0.00069913,0.00072243,0.00072576,0.00070912,0.00066917,0.00061257,0.000536,0.00043945,0.00032626
